83,64,0,3
83,64,2,15
82,64,62,78
81,64,87,80
82,64,85,82
82,65,92,95
82,64,96,98
82,64,101,103
82,63,101,103
81,63,97,97
81,62,91,85
81,62,84,80
81,62,83,82
81,63,93,90
80,62,91,89
80,62,91,93
80,63,92,93
80,63,91,88
80,62,88,88
80,63,91,91
81,62,93,91
80,63,88,90
80,64,89,91
81,63,91,90
81,64,90,89
81,64,90,90
81,64,92,92
81,64,91,92
81,64,88,90
81,64,88,92
81,63,90,92
81,63,91,87
80,62,89,88
81,62,90,91
81,62,91,91
80,62,90,90
81,63,88,94
80,63,91,93
80,64,91,89
80,63,88,87
80,62,90,90
80,62,91,91
80,62,91,88
80,61,87,88
80,61,88,90
80,60,90,89
80,60,90,87
80,57,90,88
82,53,92,90
82,50,91,90
82,50,91,67
82,42,96,55
82,42,97,55
82,41,95,20
82,39,97,20
82,39,97,8
82,39,95,8
82,39,93,3
82,39,98,3
82,41,99,3
83,42,97,0
83,46,99,0
82,48,98,0
82,51,95,0
82,52,99,0
82,56,101,0
82,58,98,0
82,58,99,0
82,60,96,9
82,59,93,93
81,59,94,97
81,58,93,103
81,57,88,98
82,54,87,92
82,51,92,84
82,45,97,61
82,40,97,46
81,35,99,38
81,31,102,10
81,27,98,10
81,23,100,8
81,23,96,3
81,24,97,3
81,24,98,0
81,26,96,0
81,27,96,0
81,28,99,2
81,29,98,2
82,30,99,0
82,31,102,0
82,31,103,0
82,33,98,0
82,35,99,0
82,36,101,0
83,38,98,0
82,39,100,0
82,40,102,0
82,41,98,0
82,42,101,0
83,43,105,0
82,45,103,0
82,46,102,0
82,47,103,0
82,48,97,0
82,49,99,0
82,49,101,0
82,51,102,0
82,52,99,0
82,52,102,0
82,52,98,0
81,53,99,0
80,54,101,0
80,55,101,0
80,56,96,0
80,57,98,2
80,57,94,35
80,57,89,90
80,56,91,96
80,53,93,104
81,48,93,102
81,45,95,72
81,40,98,60
82,35,102,60
82,30,100,20
81,25,101,20
82,25,99,8
82,21,99,8
82,20,101,3
82,20,101,3
81,20,97,0
81,20,96,0
81,20,95,0
81,20,96,0
81,20,98,0
81,19,102,0
81,17,99,0
82,15,99,0
82,14,100,0
82,14,101,0
83,15,100,0
81,15,103,0
82,18,103,0
82,21,98,0
81,22,101,0
82,23,99,0
81,24,99,0
82,25,101,0
81,25,99,0
82,30,99,0
82,31,101,0
81,33,98,0
81,36,99,0
81,39,101,0
81,41,99,0
82,44,99,0
82,44,101,0
81,47,101,0
82,50,99,0
82,52,101,0
81,54,102,0
81,55,98,0
81,56,99,0
81,57,100,0
81,58,95,7
81,58,95,50
81,58,92,79
81,57,90,91
82,57,92,95
81,56,94,92
81,53,91,88
81,49,93,69
81,49,98,46
81,44,100,46
81,38,101,46
81,38,101,18
81,34,103,18
81,30,99,8
81,29,98,8
81,29,100,3
81,28,99,3
82,29,98,0
81,33,98,0
81,34,96,0
80,38,99,0
81,39,101,0
81,40,100,0
81,44,100,0
80,46,102,0
80,46,99,0
80,50,100,0
79,50,99,0
80,52,96,0
80,53,99,0
80,53,101,0
80,56,101,0
81,57,99,0
81,58,100,3
81,58,93,59
80,58,93,87
80,58,93,96
80,56,90,95
80,56,91,93
80,50,94,92
80,46,92,66
80,42,97,66
80,37,101,33
80,34,103,14
80,30,97,14
81,26,99,4
81,25,102,4
82,25,99,0
82,24,97,0
82,26,99,0
83,28,99,0
83,30,101,0
82,32,102,0
81,34,100,0
81,36,99,0
82,42,99,0
82,43,100,0
81,44,102,0
82,45,98,0
82,46,99,0
82,46,99,0
81,47,98,0
81,47,99,0
81,46,102,0
82,46,103,0
82,43,102,0
81,43,101,0
82,42,98,0
82,41,99,0
81,38,100,0
80,37,102,0
80,34,100,0
79,32,101,0
79,31,99,0
79,29,99,0
78,28,102,0
78,28,104,0
77,28,101,0
78,27,101,0
78,26,99,0
76,26,96,0
74,25,97,0
73,24,101,0
73,23,98,0
72,23,98,0
72,22,99,0
71,22,98,0
71,21,99,0
71,20,99,0
71,20,97,0
72,20,98,0
73,19,99,0
74,19,102,0
75,19,99,0
77,19,101,0
78,18,104,0
78,18,102,0
79,18,98,0
79,18,97,0
80,18,95,0
81,19,99,0
81,19,100,0
81,19,102,0
82,20,102,0
82,20,104,0
81,21,97,0
82,21,99,0
83,22,103,0
83,23,102,0
83,23,101,0
83,24,101,0
82,24,97,0
83,24,98,0
83,25,100,0
82,26,101,0
82,26,98,0
83,27,100,0
82,28,101,0
82,28,101,0
83,29,103,0
82,29,97,0
82,29,98,0
82,30,100,0
82,30,98,0
82,31,98,0
82,31,99,0
82,32,99,0
82,32,97,0
82,33,99,0
82,34,99,0
82,33,103,0
83,31,98,0
83,29,100,0
83,26,101,0
83,26,104,0
83,24,99,0
82,23,99,0
81,20,102,0
81,19,99,0
81,18,99,0
80,18,102,0
81,16,103,0
81,16,101,0
80,21,101,0
81,18,99,0
81,15,96,0
80,16,99,0
80,14,101,0
81,14,100,0
81,13,102,0
81,12,104,0
81,12,101,0
80,12,101,0
81,12,101,0
81,11,98,0
81,10,100,0
81,9,101,0
81,9,97,0
81,9,98,0
81,9,102,0
81,7,98,0
80,5,99,0
80,6,100,0
81,12,99,0
81,12,102,0
81,9,104,0
81,9,102,0
80,9,102,0
80,8,103,0
80,8,96,0
81,8,99,0
81,8,99,0
81,8,95,0
81,8,99,0
82,9,100,0
82,9,99,0
82,8,100,0
83,9,102,0
82,8,97,0
82,8,101,0
83,9,102,0
83,9,98,0
83,11,101,0
83,10,102,0
82,11,98,0
83,12,99,0
82,12,101,0
83,14,102,0
83,14,104,0
82,16,102,0
82,17,96,0
81,19,98,0
81,21,101,0
81,21,101,0
81,24,102,0
82,27,103,0
82,30,96,0
82,32,99,0
83,33,101,0
83,36,99,0
83,38,101,0
83,38,102,0
83,41,97,0
82,43,98,0
82,43,101,0
82,48,99,0
82,50,101,0
82,53,103,0
82,56,102,0
82,59,97,0
83,60,98,2
82,61,94,33
82,62,88,80
81,63,93,96
81,64,96,98
82,63,93,94
82,64,95,94
82,64,95,94
82,64,93,89
81,64,91,87
82,64,93,90
81,64,95,91
